269
0.5236 1.7453 -1.8326 -1.4835 1.5708 0 1.00428 0.2729 0.9486 -1.15011 1.81001 -1.97739 
0.528798 1.73228 -1.81778 -1.48816 1.57092 -0.0101425 1.00052 0.238539 0.964369 -1.16076 1.81049 -1.98376 
0.533995 1.71925 -1.80296 -1.49283 1.57104 -0.0202849 0.996423 0.203709 0.97946 -1.17192 1.81098 -1.99136 
0.539193 1.70623 -1.78814 -1.49749 1.57117 -0.0304274 0.991959 0.168448 0.993835 -1.18357 1.81143 -2.00021 
0.544391 1.6932 -1.77332 -1.50216 1.57129 -0.0405699 0.987115 0.132792 1.00747 -1.19574 1.81178 -2.01033 
0.549588 1.68018 -1.7585 -1.50682 1.57141 -0.0507124 0.981872 0.0967823 1.02033 -1.20839 1.81195 -2.0217 
0.554786 1.66715 -1.74368 -1.51149 1.57153 -0.0608548 0.976214 0.0604721 1.03239 -1.22153 1.81188 -2.03431 
0.559984 1.65413 -1.72887 -1.51615 1.57165 -0.0709973 0.970123 0.0239217 1.04362 -1.23514 1.81147 -2.04814 
0.565181 1.64111 -1.71405 -1.52082 1.57178 -0.0811398 0.963579 -0.0127998 1.054 -1.24917 1.81065 -2.06315 
0.56778 1.63459 -1.70664 -1.52315 1.57184 -0.086211 0.960132 -0.0312007 1.05886 -1.25634 1.81006 -2.07109 
0.570379 1.62808 -1.69923 -1.52548 1.5719 -0.0912822 0.956564 -0.0496144 1.06349 -1.2636 1.80932 -2.0793 
0.572978 1.62157 -1.69182 -1.52781 1.57196 -0.0963535 0.952873 -0.0680298 1.0679 -1.27095 1.80844 -2.08778 
0.575577 1.61506 -1.68441 -1.53015 1.57202 -0.101425 0.949057 -0.0864354 1.07208 -1.27838 1.8074 -2.09652 
0.578176 1.60855 -1.677 -1.53248 1.57208 -0.106496 0.945112 -0.104819 1.07603 -1.28589 1.80619 -2.10551 
0.580774 1.60203 -1.66959 -1.53481 1.57214 -0.111567 0.941037 -0.123168 1.07974 -1.29346 1.80479 -2.11474 
0.583373 1.59552 -1.66218 -1.53714 1.5722 -0.116638 0.936828 -0.141471 1.08321 -1.30109 1.80319 -2.12419 
0.585972 1.58901 -1.65477 -1.53948 1.57226 -0.12171 0.932483 -0.159712 1.08644 -1.30877 1.80139 -2.13386 
0.588571 1.5825 -1.64736 -1.54181 1.57232 -0.126781 0.927999 -0.177879 1.08943 -1.31649 1.79937 -2.14373 
0.59117 1.57599 -1.63995 -1.54414 1.57239 -0.131852 0.923374 -0.195958 1.09217 -1.32423 1.79713 -2.15379 
0.593769 1.56947 -1.63254 -1.54647 1.57245 -0.136923 0.918603 -0.213935 1.09466 -1.332 1.79464 -2.16402 
0.596367 1.56296 -1.62513 -1.54881 1.57251 -0.141995 0.913686 -0.231795 1.09691 -1.33978 1.79191 -2.17441 
0.598966 1.55645 -1.61772 -1.55114 1.57257 -0.147066 0.908618 -0.249525 1.0989 -1.34756 1.78891 -2.18494 
0.601565 1.54994 -1.61031 -1.55347 1.57263 -0.152137 0.903397 -0.267108 1.10064 -1.35532 1.78565 -2.1956 
0.604164 1.54343 -1.6029 -1.5558 1.57269 -0.157208 0.89802 -0.284531 1.10213 -1.36305 1.78211 -2.20637 
0.606763 1.53691 -1.59549 -1.55814 1.57275 -0.16228 0.892484 -0.301779 1.10336 -1.37075 1.77829 -2.21723 
0.609362 1.5304 -1.58808 -1.56047 1.57281 -0.167351 0.886787 -0.318838 1.10434 -1.3784 1.77417 -2.22817 
0.61196 1.52389 -1.58067 -1.5628 1.57287 -0.172422 0.880925 -0.335693 1.10506 -1.38599 1.76975 -2.23918 
0.614559 1.51738 -1.57326 -1.56513 1.57293 -0.177493 0.874895 -0.352331 1.10553 -1.3935 1.76503 -2.25022 
0.617158 1.51086 -1.56585 -1.56747 1.573 -0.182564 0.868695 -0.368736 1.10574 -1.40093 1.75999 -2.26129 
0.619757 1.50435 -1.55844 -1.5698 1.57306 -0.187636 0.862322 -0.384897 1.1057 -1.40826 1.75463 -2.27237 
0.622356 1.49784 -1.55103 -1.57213 1.57312 -0.192707 0.855773 -0.400799 1.1054 -1.41547 1.74895 -2.28344 
0.624955 1.49133 -1.54362 -1.57446 1.57318 -0.197778 0.849045 -0.416431 1.10485 -1.42257 1.74295 -2.29449 
0.627554 1.48482 -1.53621 -1.57679 1.57324 -0.202849 0.842135 -0.431779 1.10404 -1.42952 1.73661 -2.3055 
0.632751 1.47179 -1.5214 -1.58146 1.57336 -0.212992 0.827762 -0.46158 1.10168 -1.44299 1.72294 -2.32733 
0.637949 1.45877 -1.50658 -1.58612 1.57348 -0.223134 0.812631 -0.490115 1.09833 -1.45579 1.70793 -2.34884 
0.643147 1.44574 -1.49176 -1.59079 1.57361 -0.233277 0.796725 -0.517309 1.094 -1.46783 1.69157 -2.3699 
0.648344 1.43272 -1.47694 -1.59545 1.57373 -0.243419 0.780026 -0.543094 1.08873 -1.47905 1.67388 -2.39044 
0.653542 1.4197 -1.46212 -1.60012 1.57385 -0.253562 0.76252 -0.567417 1.08252 -1.48938 1.65486 -2.41038 
0.65874 1.40667 -1.4473 -1.60478 1.57397 -0.263704 0.744194 -0.590234 1.07541 -1.49877 1.63454 -2.42965 
0.663937 1.39365 -1.43248 -1.60945 1.57409 -0.273847 0.72504 -0.611511 1.06742 -1.50717 1.61296 -2.44821 
0.669135 1.38062 -1.41766 -1.61411 1.57422 -0.283989 0.705054 -0.631228 1.05859 -1.51454 1.59014 -2.46604 
0.674333 1.3676 -1.40284 -1.61878 1.57434 -0.294132 0.684235 -0.649372 1.04894 -1.52085 1.56613 -2.4831 
0.67953 1.35457 -1.38802 -1.62344 1.57446 -0.304274 0.662587 -0.665942 1.03851 -1.52607 1.54099 -2.49941 
0.684728 1.34155 -1.3732 -1.62811 1.57458 -0.314417 0.640122 -0.680942 1.02732 -1.5302 1.51476 -2.51497 
0.689926 1.32853 -1.35838 -1.63277 1.5747 -0.324559 0.616856 -0.694386 1.01542 -1.5332 1.48751 -2.5298 
0.695123 1.3155 -1.34356 -1.63744 1.57483 -0.334702 0.592813 -0.706296 1.00283 -1.53508 1.45931 -2.54395 
0.700321 1.30248 -1.32874 -1.6421 1.57495 -0.344844 0.568022 -0.716697 0.989579 -1.53582 1.43022 -2.55746 
0.70292 1.29597 -1.32133 -1.64443 1.57501 -0.349915 0.555358 -0.721342 0.982717 -1.53576 1.41536 -2.56399 
0.705519 1.28945 -1.31393 -1.64677 1.57507 -0.354986 0.542521 -0.725621 0.975703 -1.53541 1.40031 -2.57038 
0.708118 1.28294 -1.30652 -1.6491 1.57513 -0.360058 0.529519 -0.72954 0.968539 -1.53478 1.38509 -2.57664 
0.710716 1.27643 -1.29911 -1.65143 1.57519 -0.365129 0.516357 -0.733104 0.96123 -1.53386 1.36969 -2.58277 
0.713315 1.26992 -1.2917 -1.65376 1.57525 -0.3702 0.503041 -0.736317 0.953778 -1.53265 1.35413 -2.58879 
0.715914 1.2634 -1.28429 -1.6561 1.57531 -0.375271 0.489581 -0.739185 0.946188 -1.53115 1.33842 -2.5947 
0.718513 1.25689 -1.27688 -1.65843 1.57537 -0.380343 0.475982 -0.741713 0.938463 -1.52936 1.32258 -2.60052 
0.721112 1.25038 -1.26947 -1.66076 1.57544 -0.385414 0.462253 -0.743906 0.930605 -1.52728 1.30661 -2.60626 
0.723711 1.24387 -1.26206 -1.66309 1.5755 -0.390485 0.448404 -0.745772 0.922619 -1.5249 1.29053 -2.61192 
0.726309 1.23736 -1.25465 -1.66542 1.57556 -0.395556 0.434442 -0.747314 0.914507 -1.52224 1.27436 -2.61751 
0.728908 1.23084 -1.24724 -1.66776 1.57562 -0.400628 0.420378 -0.74854 0.906272 -1.51927 1.25809 -2.62305 
0.731507 1.22433 -1.23983 -1.67009 1.57568 -0.405699 0.406221 -0.749456 0.897918 -1.51602 1.24176 -2.62855 
0.734106 1.21782 -1.23242 -1.67242 1.57574 -0.41077 0.391982 -0.750067 0.889447 -1.51246 1.22537 -2.63402 
0.736705 1.21131 -1.22501 -1.67475 1.5758 -0.415841 0.377669 -0.750379 0.880862 -1.50861 1.20893 -2.63947 
0.739304 1.2048 -1.2176 -1.67709 1.57586 -0.420913 0.363295 -0.750399 0.872166 -1.50445 1.19247 -2.64491 
0.741902 1.19828 -1.21019 -1.67942 1.57592 -0.425984 0.348871 -0.750134 0.863361 -1.5 1.17599 -2.65035 
0.744501 1.19177 -1.20278 -1.68175 1.57598 -0.431055 0.334406 -0.749589 0.85445 -1.49523 1.1595 -2.65581 
0.7471 1.18526 -1.19537 -1.68408 1.57605 -0.436126 0.319913 -0.748771 0.845436 -1.49016 1.14303 -2.6613 
0.749699 1.17875 -1.18796 -1.68642 1.57611 -0.441197 0.305402 -0.747687 0.83632 -1.48478 1.12659 -2.66683 
0.752298 1.17224 -1.18055 -1.68875 1.57617 -0.446269 0.290885 -0.746343 0.827105 -1.47909 1.11019 -2.67241 
0.754897 1.16572 -1.17314 -1.69108 1.57623 -0.45134 0.276374 -0.744744 0.817794 -1.47308 1.09385 -2.67806 
0.757495 1.15921 -1.16573 -1.69341 1.57629 -0.456411 0.261879 -0.742898 0.808388 -1.46675 1.07758 -2.68379 
0.760094 1.1527 -1.15832 -1.69575 1.57635 -0.461482 0.247412 -0.740812 0.79889 -1.4601 1.0614 -2.6896 
0.762693 1.14619 -1.15091 -1.69808 1.57641 -0.466554 0.232984 -0.73849 0.789301 -1.45312 1.04532 -2.69552 
0.765292 1.13968 -1.1435 -1.70041 1.57647 -0.471625 0.218606 -0.73594 0.779624 -1.44582 1.02936 -2.70156 
0.767891 1.13316 -1.13609 -1.70274 1.57653 -0.476696 0.204289 -0.733169 0.769859 -1.43818 1.01353 -2.70771 
0.77049 1.12665 -1.12868 -1.70507 1.57659 -0.481767 0.190043 -0.730181 0.76001 -1.43021 0.997836 -2.71401 
0.773088 1.12014 -1.12127 -1.70741 1.57666 -0.486839 0.175879 -0.726983 0.750077 -1.4219 0.982305 -2.72046 
0.775687 1.11363 -1.11387 -1.70974 1.57672 -0.49191 0.161806 -0.723582 0.740063 -1.41325 0.966946 -2.72707 
0.778286 1.10711 -1.10646 -1.71207 1.57678 -0.496981 0.147835 -0.719983 0.729968 -1.40424 0.951773 -2.73386 
0.780885 1.1006 -1.09905 -1.7144 1.57684 -0.502052 0.133974 -0.716193 0.719795 -1.39489 0.936797 -2.74083 
0.783484 1.09409 -1.09164 -1.71674 1.5769 -0.507124 0.120232 -0.712217 0.709544 -1.38519 0.922033 -2.74799 
0.786083 1.08758 -1.08423 -1.71907 1.57696 -0.512195 0.106618 -0.70806 0.699217 -1.37513 0.907493 -2.75536 
0.788681 1.08107 -1.07682 -1.7214 1.57702 -0.517266 0.0931406 -0.703729 0.688816 -1.36471 0.893188 -2.76295 
0.79128 1.07455 -1.06941 -1.72373 1.57708 -0.522337 0.0798061 -0.699229 0.678341 -1.35392 0.87913 -2.77076 
0.793879 1.06804 -1.062 -1.72607 1.57714 -0.527408 0.0666223 -0.694566 0.667793 -1.34277 0.86533 -2.77881 
0.796478 1.06153 -1.05459 -1.7284 1.5772 -0.53248 0.0535957 -0.689744 0.657175 -1.33125 0.8518 -2.78709 
0.799077 1.05502 -1.04718 -1.73073 1.57727 -0.537551 0.0407326 -0.68477 0.646486 -1.31936 0.83855 -2.79563 
0.801676 1.04851 -1.03977 -1.73306 1.57733 -0.542622 0.0280387 -0.679647 0.635728 -1.30711 0.825589 -2.80443 
0.804275 1.04199 -1.03236 -1.7354 1.57739 -0.547693 0.0155192 -0.674382 0.624901 -1.29447 0.812927 -2.81349 
0.806873 1.03548 -1.02495 -1.73773 1.57745 -0.552765 0.00317891 -0.668978 0.614007 -1.28147 0.800574 -2.82282 
0.809472 1.02897 -1.01754 -1.74006 1.57751 -0.557836 -0.00897783 -0.663441 0.603047 -1.26809 0.788537 -2.83242 
0.812071 1.02246 -1.01013 -1.74239 1.57757 -0.562907 -0.0209472 -0.657774 0.59202 -1.25435 0.776826 -2.8423 
0.81467 1.01595 -1.00272 -1.74472 1.57763 -0.567978 -0.0327258 -0.651983 0.580928 -1.24023 0.765448 -2.85246 
0.817269 1.00943 -0.995311 -1.74706 1.57769 -0.57305 -0.0443106 -0.646072 0.569771 -1.22575 0.754409 -2.86289 
0.819868 1.00292 -0.987901 -1.74939 1.57775 -0.578121 -0.0556992 -0.640045 0.558551 -1.21091 0.743718 -2.87361 
0.822466 0.996409 -0.980492 -1.75172 1.57781 -0.583192 -0.0668894 -0.633905 0.547266 -1.19571 0.73338 -2.88461 
0.825065 0.989897 -0.973082 -1.75405 1.57788 -0.588263 -0.0778795 -0.627657 0.535919 -1.18016 0.723402 -2.89589 
0.827664 0.983385 -0.965672 -1.75639 1.57794 -0.593335 -0.0886681 -0.621305 0.524509 -1.16427 0.713787 -2.90744 
0.830263 0.976873 -0.958263 -1.75872 1.578 -0.598406 -0.0992542 -0.614851 0.513037 -1.14804 0.704543 -2.91927 
0.832862 0.970361 -0.950853 -1.76105 1.57806 -0.603477 -0.109637 -0.6083 0.501503 -1.13148 0.695671 -2.93135 
0.835461 0.963849 -0.943443 -1.76338 1.57812 -0.608548 -0.119817 -0.601655 0.489907 -1.11461 0.687178 -2.94369 
0.838059 0.957336 -0.936034 -1.76572 1.57818 -0.613619 -0.129793 -0.594918 0.47825 -1.09743 0.679066 -2.95628 
0.840658 0.950824 -0.928624 -1.76805 1.57824 -0.618691 -0.139566 -0.588094 0.466531 -1.07997 0.671337 -2.9691 
0.843257 0.944312 -0.921214 -1.77038 1.5783 -0.623762 -0.149137 -0.581184 0.454752 -1.06223 0.663995 -2.98214 
0.845856 0.9378 -0.913805 -1.77271 1.57836 -0.628833 -0.158506 -0.574191 0.442911 -1.04423 0.657041 -2.99539 
0.848455 0.931288 -0.906395 -1.77505 1.57842 -0.633904 -0.167674 -0.567119 0.43101 -1.02599 0.650476 -3.00884 
0.851054 0.924776 -0.898986 -1.77738 1.57849 -0.638976 -0.176643 -0.559969 0.419047 -1.00752 0.644301 -3.02247 
0.853652 0.918264 -0.891576 -1.77971 1.57855 -0.644047 -0.185414 -0.552745 0.407024 -0.988851 0.638516 -3.03626 
0.856251 0.911752 -0.884166 -1.78204 1.57861 -0.649118 -0.193989 -0.545448 0.394939 -0.969997 0.633122 -3.05019 
0.858602 0.90016 -0.880999 -1.77711 1.57914 -0.654138 -0.181522 -0.535948 0.382063 -0.984448 0.642601 -3.04133 
0.860952 0.888568 -0.877832 -1.77218 1.57968 -0.659159 -0.169327 -0.526429 0.369253 -0.998385 0.651825 -3.03307 
0.863302 0.876976 -0.874665 -1.76725 1.58021 -0.664179 -0.157399 -0.516893 0.356508 -1.01184 0.660791 -3.02536 
0.865653 0.865385 -0.871498 -1.76232 1.58074 -0.669199 -0.145736 -0.507343 0.34383 -1.02485 0.669494 -3.01817 
0.868003 0.853793 -0.868331 -1.75739 1.58128 -0.67422 -0.134334 -0.497782 0.331219 -1.03744 0.677933 -3.01147 
0.870354 0.842201 -0.865164 -1.75246 1.58181 -0.67924 -0.123188 -0.488213 0.318676 -1.04964 0.686105 -3.00522 
0.872704 0.830609 -0.861997 -1.74753 1.58235 -0.68426 -0.112296 -0.478638 0.306202 -1.06147 0.694009 -2.99939 
0.875054 0.819017 -0.85883 -1.7426 1.58288 -0.68928 -0.101651 -0.469061 0.293797 -1.07296 0.701645 -2.99397 
0.877405 0.807426 -0.855663 -1.73767 1.58341 -0.694301 -0.0912515 -0.459483 0.281461 -1.08412 0.709012 -2.98891 
0.879755 0.795834 -0.852497 -1.73274 1.58395 -0.699321 -0.0810917 -0.449908 0.269196 -1.09498 0.71611 -2.98421 
0.882105 0.784242 -0.84933 -1.72781 1.58448 -0.704341 -0.0711676 -0.440336 0.257002 -1.10556 0.72294 -2.97983 
0.884456 0.77265 -0.846163 -1.72288 1.58502 -0.709362 -0.0614747 -0.430771 0.244879 -1.11586 0.729503 -2.97576 
0.886806 0.761058 -0.842996 -1.71795 1.58555 -0.714382 -0.0520088 -0.421215 0.232828 -1.12591 0.7358 -2.97198 
0.889157 0.749467 -0.839829 -1.71302 1.58609 -0.719402 -0.0427653 -0.41167 0.220851 -1.13573 0.741833 -2.96847 
0.891507 0.737875 -0.836662 -1.70809 1.58662 -0.724422 -0.0337397 -0.402137 0.208946 -1.14531 0.747604 -2.96521 
0.893857 0.726283 -0.833495 -1.70316 1.58715 -0.729443 -0.0249278 -0.392619 0.197116 -1.15469 0.753114 -2.96219 
0.898558 0.7031 -0.827161 -1.6933 1.58822 -0.739483 -0.00792743 -0.373633 0.173679 -1.17283 0.763362 -2.9568 
0.903259 0.679916 -0.820827 -1.68344 1.58929 -0.749524 0.00827048 -0.354725 0.150546 -1.19025 0.772597 -2.95219 
0.90796 0.656732 -0.814493 -1.67358 1.59036 -0.759565 0.0236996 -0.335909 0.127721 -1.207 0.780839 -2.94827 
0.91266 0.633549 -0.808159 -1.66372 1.59143 -0.769605 0.0383925 -0.317195 0.105208 -1.22315 0.78811 -2.94496 
0.917361 0.610365 -0.801825 -1.65386 1.5925 -0.779646 0.0523807 -0.298594 0.0830128 -1.23875 0.794434 -2.94216 
0.922062 0.587182 -0.795491 -1.644 1.59356 -0.789686 0.0656946 -0.280117 0.0611392 -1.25385 0.799835 -2.93983 
0.926763 0.563998 -0.789157 -1.63414 1.59463 -0.799727 0.0783631 -0.261771 0.0395921 -1.26849 0.804337 -2.93789 
0.931463 0.540814 -0.782823 -1.62428 1.5957 -0.809767 0.090414 -0.243566 0.0183759 -1.28271 0.807965 -2.93629 
0.936164 0.517631 -0.776489 -1.61442 1.59677 -0.819808 0.101874 -0.22551 -0.00250505 -1.29653 0.810741 -2.93497 
0.940865 0.494447 -0.770155 -1.60455 1.59784 -0.829849 0.112767 -0.207609 -0.0230464 -1.30998 0.81269 -2.9339 
0.945565 0.471264 -0.763821 -1.59469 1.5989 -0.839889 0.123118 -0.18987 -0.0432441 -1.3231 0.813836 -2.93303 
0.950266 0.44808 -0.757487 -1.58483 1.59997 -0.84993 0.132948 -0.1723 -0.063094 -1.3359 0.814202 -2.93232 
0.954967 0.424897 -0.751153 -1.57497 1.60104 -0.85997 0.142281 -0.154904 -0.0825924 -1.3484 0.813811 -2.93173 
0.959668 0.401713 -0.744819 -1.56511 1.60211 -0.870011 0.151134 -0.137688 -0.101736 -1.36063 0.812684 -2.93124 
0.964368 0.378529 -0.738485 -1.55525 1.60318 -0.880052 0.159528 -0.120655 -0.12052 -1.37261 0.810844 -2.93081 
0.969069 0.355346 -0.732152 -1.54539 1.60425 -0.890092 0.167481 -0.103811 -0.138943 -1.38434 0.808313 -2.93041 
0.97377 0.332162 -0.725818 -1.53553 1.60531 -0.900133 0.175008 -0.0871598 -0.157 -1.39585 0.80511 -2.93001 
0.978471 0.308979 -0.719484 -1.52567 1.60638 -0.910173 0.182127 -0.0707046 -0.174691 -1.40715 0.801256 -2.9296 
0.983171 0.285795 -0.71315 -1.51581 1.60745 -0.920214 0.188852 -0.0544487 -0.192011 -1.41826 0.796771 -2.92915 
0.987872 0.262611 -0.706816 -1.50595 1.60852 -0.930255 0.195198 -0.0383948 -0.208961 -1.42919 0.791674 -2.92864 
0.992573 0.239428 -0.700482 -1.49609 1.60959 -0.940295 0.201177 -0.0225454 -0.225537 -1.43996 0.785984 -2.92804 
0.997274 0.216244 -0.694148 -1.48623 1.61066 -0.950336 0.206803 -0.00690247 -0.241739 -1.45058 0.779719 -2.92734 
1.00197 0.193061 -0.687814 -1.47637 1.61172 -0.960376 0.212086 0.00853248 -0.257566 -1.46106 0.772897 -2.92652 
1.00668 0.169877 -0.68148 -1.46651 1.61279 -0.970417 0.21704 0.0237583 -0.273019 -1.47142 0.765535 -2.92557 
1.01363 0.158127 -0.6582 -1.47348 1.61982 -0.962298 0.220091 0.034781 -0.281896 -1.4724 0.772651 -2.91993 
1.0205 0.14673 -0.635533 -1.48022 1.62699 -0.954484 0.223142 0.0458038 -0.290773 -1.47337 0.779767 -2.91429 
1.02729 0.135651 -0.613406 -1.48675 1.63428 -0.946937 0.226193 0.0568266 -0.29965 -1.47434 0.786883 -2.90865 
1.034 0.124864 -0.591773 -1.49305 1.64169 -0.939634 0.229245 0.0678494 -0.308528 -1.47532 0.793999 -2.90302 
1.04063 0.114347 -0.570591 -1.49914 1.6492 -0.932555 0.232296 0.0788722 -0.317405 -1.47629 0.801115 -2.89738 
1.04717 0.10408 -0.549825 -1.50502 1.65681 -0.925681 0.235347 0.089895 -0.326282 -1.47726 0.808231 -2.89174 
1.05363 0.0940463 -0.529442 -1.51069 1.66449 -0.918996 0.238398 0.100918 -0.335159 -1.47824 0.815347 -2.8861 
1.06 0.0842306 -0.509414 -1.51614 1.67225 -0.912486 0.241449 0.111941 -0.344037 -1.47921 0.822463 -2.88047 
1.06629 0.0746195 -0.489717 -1.52139 1.68007 -0.906136 0.2445 0.122963 -0.352914 -1.48019 0.829579 -2.87483 
1.07248 0.0652009 -0.470328 -1.52643 1.68795 -0.899935 0.247552 0.133986 -0.361791 -1.48116 0.836695 -2.86919 
1.07858 0.0559641 -0.451227 -1.53127 1.69588 -0.893872 0.250603 0.145009 -0.370668 -1.48213 0.843812 -2.86355 
1.08459 0.0468993 -0.432396 -1.5359 1.70384 -0.887935 0.253654 0.156032 -0.379546 -1.48311 0.850928 -2.85792 
1.0905 0.0379977 -0.413818 -1.54033 1.71184 -0.882114 0.256705 0.167055 -0.388423 -1.48408 0.858044 -2.85228 
1.09632 0.0292514 -0.39548 -1.54456 1.71986 -0.876402 0.259756 0.178077 -0.3973 -1.48505 0.86516 -2.84664 
1.10204 0.0206531 -0.377367 -1.54858 1.7279 -0.870789 0.262807 0.1891 -0.406177 -1.48603 0.872276 -2.841 
1.10766 0.0121961 -0.359468 -1.55241 1.73595 -0.865267 0.265859 0.200123 -0.415055 -1.487 0.879392 -2.83537 
1.11317 0.00387452 -0.341771 -1.55605 1.744 -0.859827 0.26891 0.211146 -0.423932 -1.48797 0.886508 -2.82973 
1.11859 -0.00431728 -0.324265 -1.55949 1.75206 -0.854464 0.271961 0.222169 -0.432809 -1.48895 0.893624 -2.82409 
1.1239 -0.0123844 -0.306942 -1.56273 1.76011 -0.84917 0.275012 0.233191 -0.441686 -1.48992 0.90074 -2.81845 
1.12911 -0.0203314 -0.289793 -1.56578 1.76814 -0.843939 0.278063 0.244214 -0.450564 -1.4909 0.907856 -2.81282 
1.13421 -0.0281626 -0.27281 -1.56864 1.77616 -0.838763 0.281115 0.255237 -0.459441 -1.49187 0.914972 -2.80718 
1.1392 -0.035882 -0.255985 -1.5713 1.78415 -0.833638 0.284166 0.26626 -0.468318 -1.49284 0.922088 -2.80154 
1.14408 -0.0434932 -0.239311 -1.57378 1.79212 -0.828557 0.287217 0.277283 -0.477195 -1.49382 0.929204 -2.79591 
1.14886 -0.0509995 -0.222783 -1.57607 1.80005 -0.823514 0.290268 0.288305 -0.486073 -1.49479 0.93632 -2.79027 
1.15351 -0.0584042 -0.206395 -1.57817 1.80794 -0.818505 0.293319 0.299328 -0.49495 -1.49576 0.943436 -2.78463 
1.15806 -0.0657099 -0.19014 -1.58008 1.81578 -0.813524 0.29637 0.310351 -0.503827 -1.49674 0.950552 -2.77899 
1.16248 -0.0729193 -0.174015 -1.58181 1.82358 -0.808566 0.299422 0.321374 -0.512705 -1.49771 0.957668 -2.77336 
1.16679 -0.0800348 -0.158013 -1.58335 1.83132 -0.803626 0.302473 0.332397 -0.521582 -1.49868 0.964784 -2.76772 
1.17098 -0.0870587 -0.142132 -1.58471 1.839 -0.7987 0.305524 0.343419 -0.530459 -1.49966 0.9719 -2.76208 
1.17506 -0.093993 -0.126367 -1.58588 1.84662 -0.793783 0.308575 0.354442 -0.539336 -1.50063 0.979017 -2.75644 
1.179 -0.100839 -0.110714 -1.58688 1.85417 -0.788871 0.311626 0.365465 -0.548214 -1.50161 0.986133 -2.75081 
1.18283 -0.1076 -0.0951693 -1.5877 1.86164 -0.78396 0.314677 0.376488 -0.557091 -1.50258 0.993249 -2.74517 
1.18653 -0.114276 -0.0797304 -1.58834 1.86904 -0.779045 0.317729 0.38751 -0.565968 -1.50355 1.00036 -2.73953 
1.1901 -0.120868 -0.0643939 -1.5888 1.87635 -0.774123 0.32078 0.398533 -0.574845 -1.50453 1.00748 -2.73389 
1.19355 -0.127379 -0.0491571 -1.58908 1.88357 -0.76919 0.323831 0.409556 -0.583723 -1.5055 1.0146 -2.72826 
1.19686 -0.133809 -0.0340174 -1.58919 1.8907 -0.764242 0.326882 0.420579 -0.5926 -1.50647 1.02171 -2.72262 
1.20005 -0.140159 -0.0189725 -1.58913 1.89774 -0.759277 0.329933 0.431602 -0.601477 -1.50745 1.02883 -2.71698 
1.2031 -0.14643 -0.00401995 -1.58889 1.90468 -0.754289 0.332984 0.442624 -0.610354 -1.50842 1.03594 -2.71134 
1.20602 -0.152623 0.0108421 -1.58849 1.9115 -0.749278 0.336036 0.453647 -0.619232 -1.50939 1.04306 -2.70571 
1.2088 -0.158739 0.0256156 -1.58791 1.91822 -0.744238 0.339087 0.46467 -0.628109 -1.51037 1.05018 -2.70007 
1.21394 -0.170738 0.0549035 -1.58626 1.93131 -0.734065 0.345189 0.486716 -0.645863 -1.51232 1.06441 -2.68879 
1.21853 -0.182431 0.0838559 -1.58396 1.94391 -0.723748 0.351292 0.508761 -0.663618 -1.51426 1.07864 -2.67752 
1.22253 -0.193819 0.112483 -1.58101 1.95599 -0.713269 0.357394 0.530807 -0.681372 -1.51621 1.09287 -2.66624 
1.22595 -0.2049 0.140791 -1.57745 1.9675 -0.702608 0.363496 0.552852 -0.699127 -1.51816 1.10711 -2.65497 
1.22877 -0.215672 0.168788 -1.57328 1.97842 -0.691754 0.369599 0.574898 -0.716881 -1.5201 1.12134 -2.64369 
1.23097 -0.22613 0.196476 -1.56853 1.98871 -0.680692 0.375701 0.596944 -0.734636 -1.52205 1.13557 -2.63242 
1.23254 -0.236267 0.223859 -1.56322 1.99835 -0.669413 0.381803 0.618989 -0.75239 -1.524 1.1498 -2.62115 
1.23346 -0.246076 0.250937 -1.55738 2.00729 -0.65791 0.387906 0.641035 -0.770145 -1.52595 1.16403 -2.60987 
1.23373 -0.255547 0.277709 -1.55103 2.01551 -0.646178 0.394008 0.66308 -0.7879 -1.52789 1.17827 -2.5986 
1.23334 -0.264667 0.304172 -1.54421 2.02299 -0.634215 0.40011 0.685126 -0.805654 -1.52984 1.1925 -2.58732 
1.23226 -0.273423 0.330322 -1.53695 2.02968 -0.622022 0.406213 0.707172 -0.823409 -1.53179 1.20673 -2.57605 
1.23048 -0.281798 0.356155 -1.52928 2.03556 -0.6096 0.412315 0.729217 -0.841163 -1.53374 1.22096 -2.56477 
1.228 -0.289774 0.381661 -1.52125 2.04061 -0.596955 0.418417 0.751263 -0.858918 -1.53568 1.23519 -2.5535 
1.2248 -0.29733 0.406833 -1.5129 2.0448 -0.584094 0.42452 0.773308 -0.876672 -1.53763 1.24943 -2.54222 
1.22087 -0.304445 0.431659 -1.50426 2.0481 -0.571025 0.430622 0.795354 -0.894427 -1.53958 1.26366 -2.53095 
1.2162 -0.311091 0.456127 -1.49539 2.0505 -0.557759 0.436724 0.8174 -0.912181 -1.54152 1.27789 -2.51967 
1.21078 -0.317242 0.480224 -1.48633 2.05198 -0.544308 0.442827 0.839445 -0.929936 -1.54347 1.29212 -2.5084 
1.2046 -0.322867 0.503933 -1.47713 2.05252 -0.530684 0.448929 0.861491 -0.94769 -1.54542 1.30635 -2.49712 
1.19765 -0.327933 0.527237 -1.46784 2.0521 -0.516901 0.455032 0.883536 -0.965445 -1.54737 1.32059 -2.48585 
1.18994 -0.332403 0.550115 -1.45852 2.05072 -0.502972 0.461134 0.905582 -0.983199 -1.54931 1.33482 -2.47457 
1.18146 -0.33624 0.572547 -1.44922 2.04837 -0.488909 0.467236 0.927627 -1.00095 -1.55126 1.34905 -2.4633 
1.1722 -0.339402 0.594508 -1.43999 2.04505 -0.474725 0.473339 0.949673 -1.01871 -1.55321 1.36328 -2.45202 
1.16216 -0.341845 0.615973 -1.43088 2.04075 -0.460432 0.479441 0.971719 -1.03646 -1.55516 1.37752 -2.44075 
1.15136 -0.343523 0.636913 -1.42195 2.03547 -0.44604 0.485543 0.993764 -1.05422 -1.5571 1.39175 -2.42947 
1.1398 -0.344386 0.657299 -1.41324 2.02924 -0.431556 0.491646 1.01581 -1.07197 -1.55905 1.40598 -2.4182 
1.12749 -0.344384 0.677098 -1.4048 2.02206 -0.416987 0.497748 1.03786 -1.08973 -1.561 1.42021 -2.40692 
1.11443 -0.343463 0.696274 -1.39669 2.01395 -0.402337 0.50385 1.0599 -1.10748 -1.56294 1.43444 -2.39565 
1.10066 -0.34157 0.714792 -1.38894 2.00493 -0.38761 0.509953 1.08195 -1.12524 -1.56489 1.44868 -2.38437 
1.08619 -0.33865 0.732612 -1.3816 1.99504 -0.372805 0.516055 1.10399 -1.14299 -1.56684 1.46291 -2.3731 
1.07104 -0.334647 0.749691 -1.3747 1.9843 -0.357922 0.522157 1.12604 -1.16074 -1.56879 1.47714 -2.36182 
1.05525 -0.329507 0.765988 -1.36829 1.97276 -0.34296 0.52826 1.14808 -1.1785 -1.57073 1.49137 -2.35055 
1.03885 -0.323176 0.781455 -1.36239 1.96046 -0.327916 0.534362 1.17013 -1.19625 -1.57268 1.5056 -2.33927 
1.02187 -0.315603 0.796047 -1.35703 1.94746 -0.312789 0.540464 1.19217 -1.21401 -1.57463 1.51984 -2.328 
1.00436 -0.306743 0.809714 -1.35225 1.93381 -0.297579 0.546567 1.21422 -1.23176 -1.57658 1.53407 -2.31672 
0.986364 -0.296551 0.822407 -1.34805 1.91957 -0.282288 0.552669 1.23627 -1.24952 -1.57852 1.5483 -2.30545 
0.96793 -0.284994 0.834076 -1.34445 1.90481 -0.26692 0.558772 1.25831 -1.26727 -1.58047 1.56253 -2.29417 
0.949111 -0.272041 0.84467 -1.34148 1.8896 -0.251487 0.564874 1.28036 -1.28503 -1.58242 1.57677 -2.2829 
0.929961 -0.257673 0.854137 -1.33913 1.87402 -0.236003 0.570976 1.3024 -1.30278 -1.58436 1.591 -2.27162 
0.910538 -0.24188 0.86243 -1.33741 1.85815 -0.22049 0.577079 1.32445 -1.32053 -1.58631 1.60523 -2.26035 
0.890899 -0.224664 0.8695 -1.33631 1.84207 -0.204978 0.583181 1.34649 -1.33829 -1.58826 1.61946 -2.24907 
0.871106 -0.206037 0.875301 -1.33583 1.82585 -0.189504 0.589283 1.36854 -1.35604 -1.59021 1.63369 -2.2378 
0.851218 -0.186024 0.87979 -1.33595 1.80959 -0.174115 0.595386 1.39058 -1.3738 -1.59215 1.64793 -2.22653 
0.841257 -0.17551 0.881529 -1.33623 1.80146 -0.166469 0.598437 1.40161 -1.38268 -1.59313 1.65504 -2.22089 
0.831294 -0.164665 0.882927 -1.33666 1.79336 -0.158865 0.601488 1.41263 -1.39155 -1.5941 1.66216 -2.21525 
0.821338 -0.153495 0.883977 -1.33722 1.78528 -0.151313 0.604539 1.42365 -1.40043 -1.59507 1.66927 -2.20961 
0.811394 -0.142009 0.884676 -1.33792 1.77725 -0.14382 0.60759 1.43468 -1.40931 -1.59605 1.67639 -2.20398 
0.809146 -0.138173 0.883219 -1.33838 1.77563 -0.142696 0.608162 1.45223 -1.44055 -1.59757 1.67745 -2.21678 
0.806898 -0.134336 0.881761 -1.33883 1.77402 -0.141573 0.608738 1.46553 -1.46384 -1.59873 1.6786 -2.22585 
0.802401 -0.126663 0.878846 -1.33974 1.77079 -0.139326 0.609908 1.48669 -1.50013 -1.60061 1.68103 -2.23915 
0.797904 -0.11899 0.875932 -1.34066 1.76757 -0.137079 0.611099 1.50403 -1.52919 -1.60221 1.68356 -2.24901 
0.793407 -0.111317 0.873017 -1.34157 1.76434 -0.134831 0.61231 1.51916 -1.554 -1.60367 1.68616 -2.25683 
0.78891 -0.103644 0.870102 -1.34248 1.76112 -0.132584 0.613543 1.53279 -1.57591 -1.60504 1.68882 -2.26325 
0.784414 -0.0959706 0.867187 -1.34339 1.75789 -0.130337 0.614796 1.54532 -1.59567 -1.60636 1.69153 -2.26861 
0.77542 -0.0806243 0.861358 -1.34522 1.75144 -0.125843 0.617364 1.56798 -1.63039 -1.6089 1.69708 -2.27693 
0.766427 -0.0652781 0.855528 -1.34704 1.74499 -0.121348 0.620011 1.58833 -1.66037 -1.61137 1.70279 -2.28283 
0.757433 -0.0499319 0.849699 -1.34887 1.73854 -0.116854 0.622737 1.60697 -1.68675 -1.61381 1.70866 -2.28685 
0.748439 -0.0345857 0.843869 -1.35069 1.73209 -0.112359 0.625539 1.62427 -1.71025 -1.61622 1.71466 -2.28932 
0.739446 -0.0192394 0.838039 -1.35251 1.72563 -0.107865 0.628415 1.64049 -1.73129 -1.61863 1.72081 -2.29045 
0.730452 -0.0038932 0.83221 -1.35434 1.71918 -0.103371 0.631362 1.65577 -1.7502 -1.62101 1.7271 -2.29038 
0.721459 0.011453 0.82638 -1.35616 1.71273 -0.0988763 0.634377 1.67023 -1.76717 -1.62338 1.73353 -2.28921 
0.712465 0.0267992 0.820551 -1.35799 1.70628 -0.0943819 0.637457 1.68395 -1.78236 -1.62572 1.74011 -2.28703 
0.703471 0.0421455 0.814721 -1.35981 1.69983 -0.0898875 0.640599 1.69699 -1.79589 -1.62802 1.74683 -2.28388 
0.694478 0.0574917 0.808892 -1.36164 1.69338 -0.0853932 0.6438 1.70939 -1.80783 -1.63026 1.75369 -2.27979 
0.685484 0.0728379 0.803062 -1.36346 1.68693 -0.0808988 0.647055 1.72117 -1.81823 -1.63244 1.7607 -2.27481 
0.676491 0.0881842 0.797233 -1.36529 1.68047 -0.0764044 0.650361 1.73235 -1.82712 -1.63453 1.76786 -2.26895 
0.667497 0.10353 0.791403 -1.36711 1.67402 -0.07191 0.653713 1.74293 -1.83453 -1.63652 1.77518 -2.26221 
0.658504 0.118877 0.785573 -1.36893 1.66757 -0.0674157 0.657107 1.75292 -1.84046 -1.63839 1.78265 -2.25461 
0.64951 0.134223 0.779744 -1.37076 1.66112 -0.0629213 0.66054 1.7623 -1.84489 -1.64011 1.79028 -2.24614 
0.640516 0.149569 0.773914 -1.37258 1.65467 -0.0584269 0.664005 1.77106 -1.84781 -1.64166 1.79807 -2.2368 
0.631523 0.164915 0.768085 -1.37441 1.64822 -0.0539325 0.667498 1.77918 -1.84919 -1.64302 1.80602 -2.22656 
0.622529 0.180262 0.762255 -1.37623 1.64177 -0.0494382 0.671014 1.78662 -1.84897 -1.64415 1.81414 -2.21541 
0.613536 0.195608 0.756426 -1.37806 1.63531 -0.0449438 0.674547 1.79334 -1.8471 -1.64503 1.82242 -2.20333 
0.604542 0.210954 0.750596 -1.37988 1.62886 -0.0404494 0.678093 1.79931 -1.8435 -1.64562 1.83087 -2.19027 
0.595549 0.2263 0.744766 -1.3817 1.62241 -0.035955 0.681645 1.80447 -1.83808 -1.64588 1.83948 -2.17621 
0.586555 0.241646 0.738937 -1.38353 1.61596 -0.0314606 0.685198 1.80874 -1.83073 -1.64577 1.84827 -2.16107 
0.577561 0.256993 0.733107 -1.38535 1.60951 -0.0269663 0.688747 1.81205 -1.8213 -1.64523 1.85722 -2.14479 
0.568568 0.272339 0.727278 -1.38718 1.60306 -0.0224719 0.692285 1.81429 -1.80961 -1.6442 1.86634 -2.12728 
0.559574 0.287685 0.721448 -1.389 1.59661 -0.0179775 0.695807 1.81534 -1.79545 -1.64263 1.87562 -2.10843 
0.550581 0.303031 0.715619 -1.39083 1.59015 -0.0134831 0.699306 1.81503 -1.77851 -1.64041 1.88506 -2.08808 
0.541587 0.318378 0.709789 -1.39265 1.5837 -0.00898875 0.702776 1.81314 -1.75843 -1.63745 1.89465 -2.06605 
0.532594 0.333724 0.70396 -1.39448 1.57725 -0.00449438 0.706212 1.80939 -1.73465 -1.6336 1.90439 -2.04206 
0.5236 0.34907 0.69813 -1.3963 1.5708 0 0.7096 1.8032 -1.7061 -1.6286 1.9143 -2.0155 

